-30.0
-29.4
-28.8
-28.2
-27.6
-27.0
-26.4
-25.8
-25.2
-24.6
-24.0
-23.4
-22.8
-22.2
-21.6
-21.0
-20.4
-19.8
-19.2
-18.6
-18.0
-17.4
-16.8
-16.2
-15.6
-15.0
-14.4
-13.8
-13.2
-12.6
-12.0
-11.4
-10.8
-10.2
-9.6
-9.0
-8.4
-7.8
-7.2
-6.6
-6.0
-5.4
-4.8
-4.2
-3.6
-3.0
-2.4
-1.8
-1.2
-0.6
0.0
0.6
1.2
1.8
2.4
3.0
3.6
4.2
4.8
5.4
6.0
6.6
7.2
7.8
8.4
9.0
9.6
10.2
10.8
11.4
12.0
12.6
13.2
13.8
14.4
15.0
15.6
16.2
16.8
17.4
18.0
18.6
19.2
19.8
20.4
21.0
21.6
22.2
22.8
23.4
24.0
24.6
25.2
25.8
26.4
27.0
27.6
28.2
28.8
29.4